12947
12881
8916
13458
12906
14079
16661
13106
25605
16552
8913
13688
8975
9382
8980
12752
12905
9073
17116
13591
10301
12949
8959
17894
16532
9023
10262
12811
14213
12908
12821
13019
9344
12880
9022
12884
25740
25617
8917
8915
12826
12242
9256
13616
10264
9024
9320
14154
12907
13403
16533
12820
17079
17117
17113
8865
10302
8918
9124
13693
13459
13024
13461
9126
15902
17558
13689
12749
8867
12871
14153
9173
12751
8914
12951
25741
12818
17557
10273
13402
8974
13460
12822
10256
12948
14306
9228
17642
15633
25744
25279
12882
9261
12875
15473
12909
9037
8951
13401
14081
17643
9257
10282
9036
14304
17565
13617
14082
25612
